0 0.050486111111111114 0.5269817708333332 0.04125 0.05792187499999996
0 0.02697916666666667 0.5413515624999999 0.04493055555555556 0.06166406249999999
0 0.014340277777777776 0.562125 0.027986111111111107 0.07508333333333332
0 0.04201388888888889 0.6190338541666667 0.07430555555555556 0.09619010416666664
0 0.15895833333333334 0.6168463541666667 0.06930555555555556 0.0980651041666666
0 0.16090277777777778 0.5825390625 0.06208333333333332 0.053411458333333425
0 0.37222222222222223 0.7986614583333334 0.11597222222222223 0.17211458333333335
0 0.3179861111111111 0.6626692708333334 0.08111111111111108 0.11596093749999999
0 0.2525902777777778 0.6232187499999999 0.06981770833333335 0.10172656250000003
0 0.2651579861111111 0.5247135416666667 0.043135416666666676 0.05896354166666669
0 0.28746006944444447 0.5938541666666667 0.057024305555555564 0.0730416666666668
0 0.3834409722222222 0.6371848958333334 0.07216840277777775 0.11002604166666667
0 0.3175746527777778 0.5550338541666666 0.048076388888888905 0.07592968749999998
0 0.3656788194444444 0.5659869791666666 0.05507465277777782 0.07580468750000004
0 0.33261284722222223 0.4998255208333333 0.03595138888888887 0.038033854166666714
0 0.34913194444444445 0.5187083333333332 0.0430815972222222 0.04735416666666665
0 0.41603819444444445 0.47488020833333333 0.026789930555555626 0.04222656250000002
0 0.4258940972222222 0.4844921875 0.032078125000000075 0.04702604166666665
0 0.4729704861111111 0.49893489583333334 0.03755381944444451 0.05508333333333333
0 0.5160121527777778 0.4799921875 0.033093749999999984 0.04844531250000005
0 0.5307690972222222 0.5781875 0.05886805555555554 0.08578385416666663
0 0.5403854166666666 0.5495338541666667 0.04925173611111104 0.0681354166666667
0 0.641359375 0.6112213541666667 0.06824305555555554 0.10177083333333338
0 0.5506145833333334 0.5011744791666667 0.03258506944444438 0.0399322916666667
0 0.5679618055555555 0.5203776041666667 0.03763368055555563 0.06431250000000001
0 0.5621666666666667 0.47640625000000003 0.027644097222222146 0.024445312499999972
0 0.5822517361111111 0.46587239583333334 0.029354166666666653 0.023411458333333357
0 0.5850954861111112 0.4838619791666667 0.03263888888888889 0.028140624999999985
0 0.6036857638888888 0.5064869791666667 0.03755381944444451 0.04727083333333333
0 0.59190625 0.5321197916666667 0.04679513888888888 0.06616145833333333
0 0.6249739583333334 0.48952604166666663 0.03466840277777771 0.05228645833333338
0 0.6308767361111111 0.5529062499999999 0.048076388888888905 0.06486718750000003
0 0.6690173611111111 0.5732057291666667 0.055982638888888894 0.08263020833333339
0 0.6587881944444445 0.5117890625 0.04193402777777777 0.05514843750000006
0 0.6954201388888889 0.5063229166666666 0.03960937499999994 0.05583333333333336
0 0.6846961805555556 0.48209375 0.03285243055555548 0.03061458333333332
0 0.6973958333333333 0.47888802083333337 0.029673611111111123 0.04022916666666667
0 0.7274045138888889 0.564171875 0.05657118055555562 0.08219010416666664
0 0.7892361111111111 0.5791822916666667 0.0581736111111111 0.08977343750000012
0 0.8522309027777778 0.5732265625 0.058359374999999936 0.08627864583333338
0 0.8296475694444445 0.6009479166666666 0.06848263888888874 0.0972473958333334