0 0.09328645833333334 0.619515625 0.09282465277777775 0.12757552083333343
0 0.24259201388888887 0.6252421874999999 0.09050868055555554 0.13555468749999994
0 0.40347222222222223 0.6278463541666667 0.0928246527777778 0.1372890624999999
0 0.1928246527777778 0.45759635416666666 0.041897569444444435 0.06414843749999997
0 0.26203645833333333 0.45828906249999996 0.03680555555555556 0.05859375
0 0.34074131944444447 0.4867526041666667 0.0460642361111111 0.07385156250000004
0 0.37824131944444445 0.50696875 0.05625 0.08477343750000005
0 0.3159722222222222 0.43824479166666663 0.0335642361111111 0.05148958333333328
0 0.35925868055555554 0.428265625 0.03217534722222221 0.05062760416666663
0 0.39224479166666665 0.4522161458333333 0.04027777777777778 0.056861979166666646
0 0.41263020833333336 0.4360078125 0.03446180555555556 0.05417708333333333
0 0.4654722222222222 0.48559895833333333 0.050303819444444446 0.07523437500000002
0 0.44754687499999996 0.4342838541666667 0.03441840277777778 0.05137760416666666
0 0.44698437500000004 0.415671875 0.032421875 0.027177083333333366
0 0.4666666666666667 0.41726302083333333 0.025347222222222222 0.047940104166666705
0 0.4959635416666667 0.4194765625 0.030989583333333334 0.04455468750000004
0 0.5042100694444445 0.4433932291666667 0.038802083333333334 0.05658072916666666
0 0.5320972222222222 0.43695052083333336 0.02816840277777778 0.05280989583333332
0 0.5444878472222222 0.4426770833333334 0.039496527777777776 0.05645052083333333
0 0.5476996527777778 0.408125 0.025086805555555557 0.017289062499999966
0 0.5647135416666667 0.4310625 0.03307291666666667 0.05209635416666671
0 0.5846128472222222 0.4986562499999999 0.054210069444444446 0.08116406249999995
0 0.6000659722222222 0.444671875 0.038237847222222225 0.05848177083333338
0 0.6611979166666667 0.4886979166666666 0.05243055555555556 0.07817708333333329
0 0.6595052083333334 0.44926041666666666 0.04296875 0.04617968749999998
0 0.694640625 0.4493567708333333 0.03728298611111111 0.06264583333333332
0 0.7146267361111112 0.5450651041666668 0.06640625 0.10171614583333337
0 0.7717447916666667 0.5826484375 0.07994791666666666 0.11829166666666661
0 0.7266927083333333 0.46408854166666663 0.045399305555555554 0.06476562499999995
0 0.7581822916666667 0.497671875 0.05499131944444444 0.061622395833333364
0 0.7821388888888888 0.533140625 0.06818576388888889 0.07917447916666671
0 0.722375 0.425109375 0.029383680555555555 0.029773437499999982
0 0.7409496527777778 0.4462578125 0.03528645833333333 0.05514322916666667
0 0.7561857638888889 0.4140130208333333 0.024956597222222224 0.01865104166666664
0 0.7681857638888889 0.43711197916666666 0.03463541666666667 0.055734374999999996
0 0.8143663194444445 0.4345104166666667 0.03845486111111111 0.04792708333333332
0 0.8185329861111111 0.4523098958333333 0.04262152777777778 0.05605208333333327
0 0.8202916666666666 0.5175208333333333 0.05855034722222222 0.08699218749999998
0 0.8578333333333333 0.49699479166666666 0.05290798611111111 0.08435156249999996
0 0.9215711805555555 0.5064947916666667 0.06362847222222222 0.08773177083333336