0 0.11805555555555555 0.5265911458333332 0.051505208333333344 0.07210416666666664
0 0.14701909722222223 0.5120546874999999 0.03477951388888888 0.06647135416666666
0 0.17216493055555557 0.5158307291666666 0.04513888888888891 0.06794531249999997
0 0.2196753472222222 0.5167421875 0.04641145833333332 0.06889843749999998
0 0.2746822916666667 0.5648567708333334 0.0586232638888889 0.09134635416666673
0 0.26226909722222225 0.5035520833333333 0.03900520833333335 0.0564088541666667
0 0.26811284722222223 0.4774791666666667 0.03564756944444443 0.02943749999999999
0 0.3089704861111111 0.462203125 0.03171354166666668 0.044026041666666654
0 0.2998559027777778 0.49904166666666666 0.0429982638888889 0.04391666666666663
0 0.3109079861111111 0.5701666666666667 0.0726267361111111 0.06897916666666669
0 0.30966493055555555 0.6228333333333332 0.08344965277777779 0.12743749999999993
0 0.31932812499999996 0.5374947916666667 0.05300868055555554 0.06700260416666666
0 0.4366319444444444 0.58578125 0.06886631944444446 0.11062500000000004
0 0.391984375 0.5380468749999999 0.05480381944444446 0.08373437499999999
0 0.365046875 0.5198671874999999 0.04201388888888889 0.07428385416666666
0 0.35347222222222224 0.48789322916666666 0.03275520833333335 0.04939843750000002
0 0.3837378472222222 0.47158072916666666 0.03194444444444444 0.04454947916666671
0 0.38096006944444444 0.48503124999999997 0.03564756944444443 0.03152343750000005
0 0.39039409722222224 0.462859375 0.027894097222222233 0.038393229166666626
0 0.4172170138888889 0.51575 0.03813715277777779 0.05476302083333332
0 0.4551510416666667 0.5170078124999999 0.052083333333333336 0.04946875000000001
0 0.4829861111111111 0.5633854166666666 0.05567187500000001 0.09621354166666668
0 0.5405677083333333 0.5689817708333333 0.06550868055555555 0.10306770833333327
0 0.44976909722222225 0.4683515625 0.026852430555555567 0.050244791666666684
0 0.4635989583333333 0.46982552083333334 0.030208333333333334 0.04798697916666666
0 0.475984375 0.48167187499999997 0.036458333333333336 0.05691666666666665
0 0.5046875 0.4649244791666666 0.02905034722222221 0.04946354166666668
0 0.5374704861111111 0.4819322916666666 0.038484375000000015 0.05570312500000003
0 0.5347222222222222 0.4590234375 0.03240798611111113 0.034195312499999984
0 0.5545711805555555 0.4600208333333333 0.026967013888888877 0.04747135416666666
0 0.6116614583333333 0.6116015625000001 0.08153993055555557 0.12059635416666671
0 0.6024305555555556 0.4912447916666667 0.04398090277777777 0.0621796875
0 0.620890625 0.5316380208333333 0.05659722222222222 0.08133333333333338
0 0.7225694444444445 0.582703125 0.0759253472222222 0.10967968750000003
0 0.703125 0.45373697916666667 0.031828124999999985 0.03924479166666662
0 0.6841440972222222 0.48549479166666665 0.03784722222222222 0.0610963541666667
0 0.7061631944444444 0.5007239583333333 0.04658506944444443 0.06811458333333333
0 0.7640052083333333 0.4618932291666667 0.03553298611111112 0.052083333333333336
0 0.81015625 0.5468880208333334 0.06591493055555557 0.09446875000000006
0 0.8292829861111112 0.465625 0.036458333333333336 0.05433854166666663
0 0.9411458333333333 0.5639114583333333 0.0790503472222222 0.10334375000000004