0 0.13096006944444444 0.8439270833333333 0.15196701388888892 0.22744010416666663
0 0.26805555555555555 0.7961171875 0.12870312499999997 0.1995234375
0 0.04664409722222222 0.467328125 0.04467534722222223 0.06451822916666666
0 0.08969965277777778 0.4620338541666667 0.03819444444444445 0.06261197916666662
0 0.2986684027777778 0.5663385416666666 0.06840277777777778 0.10108072916666663
0 0.38425868055555557 0.564515625 0.0648142361111111 0.10438020833333332
0 0.4465850694444444 0.6257786458333333 0.0771996527777778 0.1262109374999999
0 0.49375 0.6553697916666666 0.08935243055555557 0.13504687499999998
0 0.5717013888888889 0.6328958333333333 0.07974479166666665 0.12308333333333342
0 0.5741319444444445 0.5785807291666667 0.07303298611111113 0.06653645833333334
0 0.9533854166666667 0.9084635416666667 0.09322916666666667 0.18307291666666667
0 0.7876736111111111 0.6567864583333333 0.0915503472222222 0.1326692708333333
0 0.924015625 0.6303203125 0.08645833333333333 0.12314062499999992
0 0.16902256944444446 0.4279010416666667 0.028522569444444458 0.041666666666666664
0 0.19967708333333334 0.42548437499999997 0.02038715277777775 0.04055208333333328
0 0.21493055555555557 0.42991145833333333 0.027579861111111135 0.041218750000000054
0 0.21277256944444442 0.4080833333333333 0.018800347222222215 0.011703125000000014
0 0.2537951388888889 0.432625 0.03040624999999998 0.04292968749999997
0 0.25111631944444446 0.41912760416666667 0.025050347222222217 0.024117187500000033
0 0.28095312499999997 0.43091406250000003 0.027678819444444416 0.04397135416666664
0 0.29012847222222227 0.4210234375 0.023213541666666674 0.03758072916666665
0 0.4832829861111111 0.5108828125 0.049901041666666715 0.07667708333333328
0 0.41175520833333334 0.4897604166666667 0.04375 0.0671692708333333
0 0.4030017361111111 0.4483671875 0.030704861111111054 0.050606770833333314
0 0.4217256944444444 0.4484088541666667 0.02698437500000005 0.026132812499999977
0 0.4333090277777778 0.45339322916666663 0.030803819444444495 0.025684895833333363
0 0.4438003472222222 0.48433072916666664 0.034425347222222215 0.0667265625
0 0.45753993055555553 0.4352395833333333 0.029166666666666667 0.04592708333333337
0 0.4846979166666667 0.450265625 0.026439236111111104 0.046216145833333284
0 0.501859375 0.458 0.034970486111111164 0.052757812500000036
0 0.5755451388888889 0.4704583333333333 0.03948437500000005 0.05907031249999998
0 0.6570434027777778 0.5006927083333333 0.042758680555555546 0.0682005208333333
0 0.6612100694444445 0.48514843750000003 0.041170138888888944 0.05645833333333338
0 0.6313732638888889 0.450265625 0.03060590277777777 0.04770052083333335
0 0.6226440972222222 0.436578125 0.02703298611111112 0.04116406250000004
0 0.6512152777777778 0.4414869791666666 0.02663715277777783 0.042054687499999945
0 0.6808524305555556 0.4565494791666667 0.03283680555555561 0.05059895833333338
0 0.6884184027777778 0.4469921875 0.02762847222222228 0.03818229166666664
0 0.4777777777777778 0.4228880208333334 0.01840277777777778 0.035255208333333364
0 0.49138888888888893 0.42195052083333334 0.027569444444444476 0.027132812500000013
0 0.5305381944444445 0.4256979166666667 0.02704861111111114 0.04087500000000001