0 0.17276562499999998 0.7582407407407408 0.06875 0.11648148148148144
0 0.24419791666666668 0.7403888888888889 0.050890625000000016 0.1098796296296297
0 0.29709895833333333 0.7451481481481481 0.0569947916666667 0.1088148148148148
0 0.35342187500000005 0.7537407407407407 0.06101041666666672 0.11277777777777774
0 0.517859375 0.8505277777777778 0.0952395833333334 0.168787037037037
0 0.28214062500000003 0.6945092592592593 0.034526041666666646 0.03664814814814808
0 0.31748437500000004 0.6856574074074074 0.035265625000000016 0.037444444444444495
0 0.33601041666666664 0.6998055555555556 0.0351197916666667 0.03663888888888883
0 0.3802083333333333 0.6853888888888889 0.04910937499999998 0.05278703703703703
0 0.40729166666666666 0.7422407407407408 0.049703125000000035 0.11887037037037027
0 0.45632291666666663 0.7312685185185185 0.04806770833333331 0.10486111111111111
0 0.49032812499999995 0.7116944444444444 0.043156249999999945 0.09746296296296296
0 0.5127239583333333 0.676 0.032885416666666716 0.0419444444444444
0 0.540921875 0.7130185185185185 0.05505729166666669 0.0948148148148149
0 0.6193437500000001 0.710111111111111 0.05416666666666667 0.09428703703703697
0 0.6894322916666666 0.6580092592592592 0.042557291666666684 0.06946296296296295
0 0.797171875 0.7661666666666667 0.07946354166666675 0.13234259259259265
0 0.9052083333333333 0.8318055555555556 0.10803645833333325 0.17631481481481487
0 0.9488854166666666 0.7929351851851852 0.08973437499999998 0.1567592592592592