0 0.415625 0.9455555555555556 0.22708333333333333 0.1088888888888888
0 0.8608333333333333 0.8067222222222222 0.15499999999999994 0.2645555555555556
0 0.81875 0.7182407407407407 0.10416666666666667 0.16908333333333345
0 0.9489583333333333 0.7674814814814814 0.10208333333333333 0.23051851851851854
0 0.9755208333333333 0.6653148148148148 0.04895833333333333 0.05581481481481479
0 0.35104166666666664 0.7041759259259259 0.08958333333333333 0.1705740740740741
0 0.2502083333333333 0.6901018518518518 0.08791666666666664 0.15724999999999995
0 0.16020833333333334 0.6934351851851852 0.09125000000000001 0.15650925925925924
0 0.06937499999999999 0.6925092592592592 0.09291666666666666 0.1583611111111111
0 0.02041666666666667 0.6771481481481482 0.04083333333333334 0.15355555555555547
0 0.030208333333333334 0.6160648148148148 0.05625 0.06842592592592601
0 0.09041666666666666 0.6190277777777777 0.06416666666666666 0.07435185185185181
0 0.08916666666666666 0.5547037037037037 0.04187499999999999 0.046083333333333316
0 0.12000000000000001 0.5885833333333333 0.04937500000000001 0.05827777777777783
0 0.11140625 0.5951574074074074 0.04989583333333334 0.05846296296296306
0 0.190625 0.6289444444444444 0.057291666666666664 0.05751851851851842
0 0.18588541666666666 0.5969166666666667 0.05510416666666664 0.04161111111111116
0 0.236875 0.6025648148148148 0.04979166666666668 0.04364814814814824
0 0.27375 0.6542962962962963 0.06104166666666669 0.11933333333333322
0 0.30536458333333333 0.6492037037037037 0.05447916666666662 0.1369259259259258
0 0.31546875 0.5795092592592592 0.04760416666666671 0.07346296296296288
0 0.34322916666666664 0.5404722222222222 0.026421875000000008 0.03616666666666662
0 0.3612239583333333 0.5741296296296295 0.03967708333333337 0.0731759259259259
0 0.36993229166666663 0.5527592592592593 0.028692708333333292 0.047268518518518474
0 0.38892187500000003 0.5472870370370371 0.025947916666666633 0.0514814814814814
0 0.4102760416666667 0.5750185185185185 0.04119270833333329 0.07410185185185182
0 0.417421875 0.5316851851851853 0.01856250000000005 0.019435185185185194
0 0.429 0.5339537037037037 0.0223020833333333 0.015555555555555513
0 0.44055208333333334 0.5673148148148148 0.03025520833333329 0.0713333333333333
0 0.487453125 0.5989907407407407 0.053505208333333346 0.09680555555555552
0 0.5109635416666667 0.5593611111111111 0.03565104166666669 0.06299999999999997
0 0.7526770833333334 0.600574074074074 0.0555416666666666 0.099962962962963
0 0.7667864583333334 0.5429351851851852 0.03641145833333326 0.053722222222222206
0 0.8473489583333333 0.5774351851851852 0.0446041666666666 0.08230555555555565
0 0.8927083333333333 0.5779814814814815 0.042520833333333265 0.07919444444444441