0 0.22979166666666667 0.7763796296296296 0.07208333333333332 0.12609259259259264
0 0.30062500000000003 0.759537037037037 0.05541666666666671 0.11833333333333329
0 0.3591666666666667 0.7599074074074075 0.060000000000000026 0.11166666666666658
0 0.419375 0.7724907407407408 0.06791666666666671 0.12202777777777775
0 0.6410416666666666 0.8768981481481481 0.11124999999999995 0.19749074074074072
0 0.8930208333333333 0.775638888888889 0.09229166666666658 0.13942592592592587
0 0.990625 0.8363611111111111 0.01875 0.14235185185185187
0 0.33578645833333337 0.7075 0.03913541666666672 0.04145370370370369
0 0.36741145833333333 0.696388888888889 0.035416666666666666 0.04039814814814825
0 0.39345312499999996 0.7113333333333334 0.036906249999999946 0.046472222222222276
0 0.42946354166666667 0.6987685185185185 0.04940624999999995 0.061027777777777854
0 0.47128125 0.7525740740740741 0.05267708333333339 0.1183888888888888
0 0.52090625 0.740287037037037 0.05223437500000004 0.10701851851851846
0 0.5473229166666667 0.7219074074074073 0.04702604166666665 0.09936111111111107
0 0.5672604166666667 0.6866018518518519 0.03333333333333333 0.047277777777777724
0 0.5989583333333334 0.7201851851851852 0.05803645833333325 0.09856481481481486
0 0.6810989583333333 0.7164814814814814 0.05565625000000007 0.10174074074074084
0 0.728125 0.6629259259259259 0.042557291666666684 0.07136111111111106