0 0.5438541666666666 0.9159259259259259 0.18562500000000004 0.16814814814814807
0 0.8606250000000001 0.8770370370370371 0.15041666666666675 0.24592592592592585
0 0.7217708333333334 0.7876666666666666 0.09979166666666663 0.17459259259259255
0 0.7923958333333334 0.6556851851851851 0.05354166666666676 0.09210185185185188
0 0.4512552083333333 0.5524074074074075 0.013416666666666662 0.022453703703703705
0 0.4810260416666667 0.6318981481481482 0.04092187499999997 0.07172222222222226
0 0.0171875 0.7859907407407407 0.034375 0.14975925925925926
0 0.007963541666666666 0.6480833333333332 0.015921875 0.019453703703703695
0 0.022505208333333335 0.7011018518518519 0.04278125 0.10167592592592588
0 0.03835416666666667 0.6622314814814815 0.043229166666666666 0.050388888888888955
0 0.053796874999999994 0.6429259259259259 0.03616145833333333 0.027657407407407308
0 0.07983854166666667 0.6964722222222223 0.06443229166666666 0.10563888888888881
0 0.120203125 0.6523796296296297 0.04620312499999999 0.05846296296296306
0 0.14244791666666667 0.6911203703703703 0.05944791666666666 0.10154629629629637
0 0.20271354166666666 0.6762407407407408 0.05201041666666668 0.09957407407407404
0 0.25185937500000005 0.6786851851851852 0.054317708333333346 0.09256481481481484
0 0.244421875 0.6381018518518519 0.03943229166666669 0.029907407407407365
0 0.32447916666666665 0.6759074074074074 0.05371875000000005 0.09494444444444441
0 0.35718229166666665 0.792287037037037 0.0968020833333334 0.17822222222222223
0 0.47306770833333334 0.835324074074074 0.11503125000000007 0.20212962962962958
0 0.4519322916666667 0.74125 0.08467187499999997 0.11848148148148152
0 0.3750364583333334 0.7193703703703703 0.07298958333333339 0.11042592592592591