0 0.5042708333333333 0.8459907407407407 0.07312500000000005 0.13198148148148145
0 0.5334375 0.8911574074074075 0.08979166666666671 0.14824074074074065
0 0.5648958333333333 0.9455555555555556 0.10687499999999997 0.1088888888888888
0 0.89 0.9196296296296297 0.11333333333333329 0.16074074074074066
0 0.82875 0.8454351851851852 0.08250000000000005 0.14197222222222217
0 0.9239583333333333 0.8533888888888889 0.09375 0.14678703703703702
0 0.9052083333333333 0.7956388888888889 0.07291666666666667 0.09053703703703701
0 0.9817708333333334 0.8511666666666666 0.036458333333333336 0.15714814814814818
0 0.6946875 0.7401018518518518 0.05395833333333329 0.09797222222222217
0 0.656875 0.7208425925925925 0.042916666666666714 0.08910185185185186
0 0.615625 0.7162222222222222 0.04375 0.08354629629629631
0 0.580625 0.705851851851852 0.04041666666666662 0.07762962962962955
0 0.556875 0.6943796296296296 0.03458333333333338 0.0768981481481481
0 0.7183333333333334 0.7014074074074074 0.04500000000000005 0.08355555555555556
0 0.685625 0.6855 0.03375000000000009 0.02950925925925916
0 0.6907291666666667 0.6712407407407408 0.03354166666666671 0.034333333333333264
0 0.6678125 0.6605 0.029375000000000047 0.035083333333333425
0 0.6454166666666666 0.6756851851851852 0.03250000000000005 0.028407407407407468
0 0.5942708333333333 0.6569814814814815 0.028125 0.03915740740740738
0 0.6196875 0.6610555555555556 0.03729166666666662 0.03988888888888882
0 0.6379166666666667 0.6542037037037036 0.034166666666666616 0.04471296296296293
0 0.6564583333333334 0.6442129629629629 0.02541666666666676 0.032129629629629675
0 0.5155208333333333 0.6386574074074074 0.028958333333333287 0.058046296296296346
0 0.686875 0.6112592592592593 0.02791666666666662 0.047694444444444435
0 0.8070833333333333 0.6458703703703703 0.03916666666666657 0.061379629629629597
0 0.8571875 0.6449444444444444 0.03729166666666662 0.06323148148148144
0 0.9095833333333334 0.6808611111111111 0.044166666666666764 0.08320370370370361
0 0.8952083333333333 0.6488333333333334 0.036249999999999956 0.06729629629629635
0 0.9334375 0.6416111111111111 0.03979166666666671 0.06397222222222215
0 0.8877083333333334 0.6123703703703703 0.029583333333333427 0.027703703703703772
0 0.89625 0.6064444444444445 0.025833333333333285 0.04548148148148138
0 0.9313541666666667 0.606074074074074 0.027291666666666714 0.037333333333333274
0 0.959375 0.6240277777777778 0.03125 0.05472222222222214
0 0.9697916666666667 0.6134814814814814 0.027083333333333334 0.05213888888888884