0 0.23270833333333335 0.8761111111111112 0.18625 0.24777777777777768
0 0.364375 0.9085185185185186 0.2329166666666667 0.18296296296296288
0 0.8310416666666666 0.7919166666666666 0.1412499999999999 0.24604629629629632
0 0.9494791666666667 0.7806203703703705 0.10104166666666667 0.2419814814814814
0 0.8694791666666667 0.6788240740740741 0.09937500000000009 0.09024074074074077
0 0.9472916666666666 0.6082870370370371 0.06541666666666662 0.10101851851851844
0 0.14057291666666666 0.5864722222222222 0.04364583333333332 0.07072222222222212
0 0.22572916666666665 0.6379351851851852 0.05249999999999998 0.11437962962962961
0 0.27520833333333333 0.6495000000000001 0.05770833333333331 0.12085185185185184
0 0.334375 0.6541296296296296 0.06354166666666666 0.12640740740740739
0 0.39895833333333336 0.6602407407407407 0.06354166666666666 0.1349166666666667
0 0.471875 0.6722685185185184 0.07604166666666666 0.1330555555555556
0 0.2719791666666667 0.5842592592592593 0.04500000000000002 0.03665740740740733
0 0.31109375 0.5911944444444445 0.04510416666666662 0.044981481481481414
0 0.3311458333333333 0.5802777777777778 0.034166666666666616 0.03425925925925926
0 0.365 0.6029537037037037 0.03729166666666662 0.040722222222222236
0 0.43244791666666665 0.6081388888888889 0.03572916666666662 0.04367592592592599
0 0.47010416666666666 0.6011944444444444 0.05375000000000003 0.05756481481481488
0 0.42203124999999997 0.5906388888888888 0.044062499999999956 0.04017592592592602
0 0.38671875 0.5848148148148148 0.033854166666666664 0.034064814814814784
0 0.35 0.5732407407407407 0.036458333333333336 0.034999999999999955
0 0.35765625 0.5495462962962963 0.03197916666666671 0.03945370370370361
0 0.524203125 0.5781944444444445 0.04354166666666662 0.07220370370370371
0 0.5730885416666667 0.5701111111111111 0.04131770833333329 0.06961111111111117
0 0.6680572916666667 0.5976944444444444 0.04860937499999996 0.09144444444444444
0 0.7280572916666667 0.5614166666666667 0.03805729166666675 0.06332407407407417
0 0.6203489583333333 0.5758518518518518 0.04069270833333339 0.0650462962962963
0 0.5784010416666666 0.5300740740740741 0.02347395833333342 0.015453703703703754
0 0.5924999999999999 0.5596851851851852 0.022499999999999905 0.05987037037037045
0 0.620796875 0.5394537037037037 0.02979166666666657 0.029268518518518426
0 0.652640625 0.549074074074074 0.03444270833333339 0.0485185185185186