0 0.32541666666666663 0.8000740740740742 0.07583333333333328 0.1290462962962964
0 0.3975 0.7782314814814815 0.06166666666666672 0.12238888888888895
0 0.8767708333333334 0.902962962962963 0.12645833333333342 0.19407407407407398
0 0.46499999999999997 0.78175 0.06333333333333328 0.11831481481481479
0 0.4252083333333333 0.7278888888888889 0.03791666666666664 0.051333333333333384
0 0.45114583333333336 0.7104907407407408 0.03770833333333338 0.038749999999999916
0 0.4864583333333333 0.7613888888888889 0.04375 0.11462962962962958
0 0.5041666666666667 0.7102962962962963 0.05 0.05689814814814819
0 0.53625 0.7893425925925927 0.07249999999999997 0.12978703703703712
0 0.5854166666666667 0.7689722222222223 0.05416666666666667 0.1261018518518519
0 0.625 0.7578703703703704 0.05 0.11870370370370374
0 0.6370833333333333 0.7297314814814815 0.04916666666666671 0.09205555555555563
0 0.6502083333333334 0.6975277777777779 0.03791666666666676 0.04987037037037028
0 0.693125 0.731212962962963 0.057083333333333285 0.10983333333333323
0 0.7751041666666667 0.729175925925926 0.05645833333333338 0.10205555555555558
0 0.778125 0.6636481481481482 0.04375 0.0672870370370371