0 0.028958333333333332 0.7984074074074073 0.05375 0.12941666666666665
0 0.021249999999999998 0.9139259259259259 0.042499999999999996 0.1530370370370371
0 0.08604166666666666 0.9335185185185185 0.15125 0.13296296296296287
0 0.459375 0.8074814814814815 0.08958333333333333 0.14385185185185176
0 0.5209375 0.7821203703703704 0.06479166666666672 0.14126851851851846
0 0.5929166666666668 0.7793425925925926 0.06916666666666677 0.13201851851851845
0 0.5327447916666667 0.7289722222222222 0.05117187499999994 0.057018518518518455
0 0.5477187499999999 0.707574074074074 0.04205729166666667 0.04430555555555547
0 0.594921875 0.6921851851851851 0.05182291666666667 0.043620370370370275
0 0.604296875 0.7322129629629629 0.06015625 0.07275925925925919
0 0.6782552083333333 0.7870462962962963 0.07786458333333333 0.14075925925925925
0 0.7134114583333333 0.7652962962962963 0.054427083333333334 0.125037037037037
0 0.744078125 0.7491018518518519 0.05455729166666667 0.12041666666666663
0 0.7309895833333333 0.6928796296296296 0.050520833333333334 0.040379629629629536
0 0.741015625 0.6795740740740741 0.04192708333333333 0.03923148148148138
0 0.7942708333333334 0.7213333333333333 0.057291666666666664 0.11117592592592587
0 0.8332291666666667 0.6589444444444444 0.04666666666666662 0.0786296296296297
0 0.87671875 0.7142037037037038 0.06385416666666661 0.10581481481481479