0 0.22645833333333334 0.8862962962962964 0.20708333333333334 0.22740740740740734
0 0.3803125 0.9214814814814816 0.2460416666666667 0.15703703703703695
0 0.8114583333333333 0.7928425925925926 0.14375 0.2479074074074074
0 0.9328125 0.7747037037037037 0.134375 0.23384259259259255
0 0.834375 0.6766018518518518 0.09791666666666667 0.08950000000000008
0 0.9828125 0.6869722222222222 0.034375 0.09542592592592587
0 0.8833333333333333 0.6077314814814815 0.058333333333333334 0.09990740740740749
0 0.9535416666666666 0.5536851851851852 0.04458333333333329 0.06587962962962972
0 0.9942708333333333 0.5857037037037036 0.011458333333333333 0.06697222222222216
0 0.4294791666666667 0.6799259259259259 0.0860416666666667 0.14799999999999994
0 0.35270833333333335 0.6612314814814815 0.06791666666666671 0.12912962962962965
0 0.28221875 0.6622407407407408 0.07484895833333335 0.128175925925926
0 0.22090625 0.6580092592592592 0.06532812500000003 0.13029629629629633
0 0.16711458333333334 0.6453148148148149 0.057442708333333314 0.11549074074074075
0 0.21130729166666665 0.5889907407407408 0.04761979166666664 0.03988888888888882
0 0.25409375 0.5940185185185185 0.04538541666666669 0.04464814814814817
0 0.27507291666666667 0.5813240740740742 0.0367552083333333 0.04041666666666675
0 0.3164427083333334 0.6057870370370371 0.04211458333333328 0.044370370370370435
0 0.3700885416666667 0.5846296296296296 0.040776041666666644 0.023231481481481405
0 0.385265625 0.6069722222222222 0.04732291666666662 0.044111111111111205
0 0.42172395833333337 0.5941481481481481 0.05178645833333337 0.0422685185185186
0 0.33288541666666666 0.5842314814814815 0.037796874999999966 0.03037037037037033
0 0.2904010416666667 0.5765648148148149 0.03467187499999997 0.03090740740740751
0 0.29121874999999997 0.548 0.03184375000000005 0.03726851851851852
0 0.4683802083333333 0.5770833333333333 0.04538541666666672 0.0763888888888889
0 0.06666666666666667 0.5933518518518519 0.054463541666666664 0.07771296296296303
0 0.5154010416666667 0.5720092592592593 0.04196354166666663 0.06968518518518518
0 0.516703125 0.530962962962963 0.021505208333333314 0.015361111111111036
0 0.5315468750000001 0.5605092592592593 0.025151041666666707 0.05990740740740745
0 0.5625729166666668 0.5755185185185184 0.03809374999999993 0.07008333333333339
0 0.6151041666666667 0.5991203703703704 0.050890625000000016 0.08950925925925933
0 0.6669270833333333 0.5618333333333333 0.0406979166666666 0.0625555555555555
0 0.5918541666666666 0.5656018518518519 0.03192187499999998 0.06348148148148143
0 0.559265625 0.5365185185185186 0.029239583333333267 0.026472222222222147
0 0.5886927083333333 0.535324074074074 0.03229166666666667 0.02144444444444452