0 0.18385416666666668 0.76225 0.065625 0.12264814814814819
0 0.25581770833333334 0.7446666666666667 0.05503645833333331 0.10600000000000001
0 0.31232812499999996 0.7465185185185186 0.058682291666666705 0.10969444444444447
0 0.36614583333333334 0.756074074074074 0.06215104166666663 0.12264814814814819
0 0.5421875 0.8537222222222222 0.10173437499999996 0.19139814814814818
0 0.8175364583333333 0.7679537037037036 0.08298437499999996 0.14331481481481478
0 0.93203125 0.8305833333333333 0.11232812500000004 0.17598148148148143
0 0.96484375 0.794175925925926 0.0703125 0.15255555555555556
0 0.6317708333333333 0.710574074074074 0.058682291666666705 0.1026203703703703
0 0.6973958333333333 0.6588888888888889 0.04409895833333337 0.07025925925925915
0 0.5519947916666667 0.7097962962962964 0.057119791666666704 0.09182407407407414
0 0.29453125 0.6988518518518518 0.03871354166666663 0.04215740740740738
0 0.32795312499999996 0.687287037037037 0.034375 0.04062037037037027
0 0.34661458333333334 0.6991666666666667 0.03177083333333333 0.03660185185185183
0 0.3880208333333333 0.6869722222222222 0.050348958333333374 0.05850925925925931
0 0.4210052083333334 0.7442037037037037 0.046875 0.10198148148148158
0 0.46822916666666664 0.7321666666666666 0.051041666666666666 0.10877777777777779
0 0.502953125 0.7144259259259259 0.04409895833333337 0.09490740740740741
0 0.5251718750000001 0.6784907407407407 0.032984375000000024 0.03846296296296293