0 0.37864583333333335 0.9390740740740741 0.234375 0.12185185185185177
0 0.6829166666666667 0.9844444444444445 0.15750000000000006 0.031111111111111027
0 0.8475 0.8011666666666667 0.15333333333333338 0.2571481481481482
0 0.8129166666666666 0.7119537037037037 0.10916666666666662 0.16019444444444444
0 0.9463541666666667 0.7711851851851852 0.10729166666666666 0.234212962962963
0 0.971875 0.6719722222222222 0.05625 0.08024074074074082
0 0.35239583333333335 0.697324074074074 0.0985416666666667 0.17168518518518525
0 0.025 0.6738148148148149 0.05 0.15059259259259247
0 0.04479166666666667 0.6018148148148148 0.06041666666666667 0.05474074074074064
0 0.08260416666666666 0.6893611111111111 0.09645833333333333 0.15206481481481482
0 0.165625 0.6882499999999999 0.08541666666666667 0.15724999999999995
0 0.25645833333333334 0.6886296296296297 0.08374999999999998 0.15058333333333343
0 0.10364583333333334 0.6136574074074074 0.059375 0.06362037037037041
0 0.19385416666666666 0.6268055555555556 0.06062499999999999 0.0639814814814814
0 0.10425520833333332 0.5526018518518518 0.04010416666666667 0.04594444444444434
0 0.13368229166666667 0.5859259259259259 0.052083333333333336 0.06320370370370369
0 0.12204687500000003 0.5982592592592593 0.05312500000000001 0.06319444444444444
0 0.195484375 0.5956481481481481 0.05069270833333336 0.036351851851851844
0 0.24505208333333334 0.6008888888888889 0.04739583333333333 0.04066666666666673
0 0.27795312499999997 0.650712962962963 0.059375 0.11870370370370374
0 0.3116302083333334 0.6206296296296296 0.057291666666666664 0.0801481481481481
0 0.32578125 0.5778981481481481 0.04566145833333337 0.07184259259259251
0 0.49501562499999996 0.5990277777777778 0.05401562500000002 0.09726851851851848
0 0.5205729166666667 0.5614166666666667 0.03742708333333334 0.06568518518518524
0 0.371203125 0.5723888888888888 0.04151562500000002 0.07440740740740731
0 0.4200885416666667 0.5745 0.042557291666666684 0.07334259259259263
0 0.4473958333333333 0.5674351851851852 0.03318229166666668 0.06316666666666669
0 0.35409375 0.5422407407407407 0.028125 0.04057407407407401
0 0.38095312499999995 0.5514351851851852 0.02976041666666672 0.04969444444444451
0 0.40015104166666665 0.5413796296296297 0.023510416666666718 0.04546296296296288
0 0.4293177083333333 0.5310092592592592 0.019343750000000052 0.020740740740740823
0 0.44192708333333336 0.5384074074074074 0.024479166666666666 0.024972222222222246
0 0.7587499999999999 0.6002037037037037 0.05777604166666658 0.09892592592592585
0 0.7785416666666667 0.5459074074074074 0.03764062499999999 0.05946296296296299
0 0.8579166666666667 0.5786111111111111 0.050557291666666754 0.08289814814814812
0 0.9037135416666667 0.5768240740740741 0.04562499999999995 0.08055555555555556