0 0.5146875000000001 0.6390277777777778 0.035625000000000046 0.051379629629629636
0 0.6389583333333333 0.6579074074074074 0.02374999999999995 0.03730555555555552
0 0.6835416666666667 0.6147777777777778 0.029583333333333427 0.043620370370370275
0 0.5551041666666666 0.696037037037037 0.03312499999999995 0.07652777777777786
0 0.5782291666666667 0.7165925925925926 0.03354166666666671 0.07688888888888885
0 0.6139583333333333 0.7245462962962963 0.04041666666666662 0.08169444444444446
0 0.6523958333333333 0.7313981481481481 0.04020833333333324 0.09168518518518518
0 0.693125 0.7456481481481481 0.057083333333333285 0.10167592592592588
0 0.5942708333333333 0.6636481481481482 0.028125 0.03766666666666672
0 0.6168750000000001 0.6701296296296296 0.03791666666666676 0.03951851851851858
0 0.6415624999999999 0.6771666666666667 0.02687499999999995 0.016555555555555657
0 0.6573958333333334 0.6479166666666667 0.02520833333333338 0.03952777777777783
0 0.6660416666666666 0.668462962962963 0.02791666666666662 0.03988888888888882
0 0.6902083333333333 0.667537037037037 0.03458333333333338 0.02692592592592586
0 0.6827083333333334 0.68975 0.036249999999999956 0.026916666666666606
0 0.7217708333333334 0.7051111111111111 0.041458333333333285 0.07614814814814816
0 0.8051041666666666 0.6527222222222223 0.03312499999999995 0.05655555555555549
0 0.8545833333333334 0.6482777777777777 0.034166666666666616 0.0624814814814815
0 0.9084375 0.6886388888888889 0.04812500000000005 0.07652777777777786
0 0.8910416666666666 0.6542037037037036 0.036249999999999956 0.05951851851851849
0 0.8852083333333333 0.627175925925926 0.03291666666666657 0.042500000000000086
0 0.8958333333333334 0.6121851851851852 0.025 0.04584259259259259
0 0.9299999999999999 0.6075555555555555 0.034999999999999906 0.04029629629629628
0 0.9327083333333334 0.6460555555555556 0.04458333333333329 0.07285185185185192
0 0.9582291666666667 0.6306944444444444 0.035208333333333286 0.0680462962962963
0 0.9700000000000001 0.6142222222222222 0.023333333333333428 0.038805555555555635
0 0.5086458333333334 0.8541388888888889 0.06937500000000002 0.11863888888888899
0 0.53625 0.8983796296296296 0.08916666666666663 0.1367592592592592
0 0.5627083333333334 0.9492592592592592 0.10458333333333338 0.1014814814814814
0 0.8278125000000001 0.8502407407407407 0.08270833333333343 0.14419444444444446
0 0.903125 0.8045277777777777 0.07708333333333334 0.09349074074074076
0 0.8919791666666667 0.9270370370370371 0.11104166666666657 0.14592592592592585
0 0.92 0.8633888888888889 0.0900000000000001 0.14455555555555546
0 0.9817708333333334 0.8607962962962963 0.036458333333333336 0.14677777777777776