0 0.04520833333333333 0.8056296296296297 0.08625 0.13274074074074066
0 0.05291666666666666 0.9155925925925926 0.10583333333333332 0.15266666666666656
0 0.0384375 0.9501851851851852 0.07479166666666666 0.09962962962962954
0 0.018958333333333334 0.9862962962962963 0.033749999999999995 0.027407407407407325
0 0.16322916666666665 0.9362962962962963 0.15354166666666663 0.12740740740740733
0 0.5103125 0.8061851851851851 0.08937499999999995 0.15236111111111106
0 0.5666666666666667 0.7815648148148149 0.06666666666666667 0.13646296296296284
0 0.63875 0.7769351851851852 0.0775000000000001 0.1309074074074073
0 0.5764583333333333 0.721037037037037 0.057083333333333285 0.05614814814814824
0 0.5865625 0.7043796296296296 0.041875000000000044 0.04504629629629638
0 0.625625 0.695861111111111 0.04708333333333338 0.05024074074074073
0 0.6418750000000001 0.7086388888888889 0.06291666666666676 0.027648148148148057
0 0.7279166666666667 0.7823055555555556 0.08083333333333324 0.13793518518518522
0 0.7580208333333334 0.7641666666666667 0.06395833333333342 0.12387962962962959
0 0.7864583333333334 0.7439814814814815 0.052083333333333336 0.11686111111111115
0 0.9084375 0.7117777777777778 0.06479166666666672 0.10428703703703714
0 0.8272916666666668 0.7201018518518519 0.058750000000000094 0.10243518518518528
0 0.8518749999999999 0.6562407407407408 0.049583333333333236 0.08210185185185193
0 0.7647916666666668 0.6890092592592593 0.05041666666666676 0.04025000000000002
0 0.7714583333333334 0.6717962962962962 0.04708333333333338 0.03914814814814812